Progam C:\Users\Eual\Documents\C++\Fire-Engine\build\e.exe started with 1 args
FRONT:  (0.000000, 0.000000, -1.000000)
FRONT:  (0.000000, 0.000000, -1.000000)
BACK:  (0.000000, -0.000000, 1.000000)
BACK:  (0.000000, 0.000000, 1.000000)
LEFT:  (-1.000000, -0.000000, -0.000000)
LEFT:  (-1.000000, 0.000000, 0.000000)
RIGHT:  (1.000000, 0.000000, -0.000000)
RIGHT:  (1.000000, 0.000000, 0.000000)
TOP:  (0.000000, 1.000000, 0.000000)
TOP:  (0.000000, 1.000000, 0.000000)
Bottom:  (0.000000, -1.000000, 0.000000)
Bottom:  (0.000000, -1.000000, -0.000000)
Closed Gracefully
